1538062169 0 1
1538067750 1 1
1538679978 2 1
1538681563 3 1
1538833188 4 1
1538856117 5 1
1538856316 6 1
1538930537 7 1
1539021441 8 1
1539109771 9 1
1539194351 10 1
1539202806 11 1
1539203569 12 1
1539203706 13 1
1539203750 14 1
1539360338 15 1
1539364930 16 1
1539365390 16 2
1539435602 17 2
1539435618 18 2
1539521260 19 2
1539528994 20 2
1539535995 21 2
1539699070 22 2
1539704272 23 2
1539705026 24 2
1539715673 25 2
1539787196 26 2
1539790235 27 2
1539793567 28 2
1539886443 29 2
1539886516 30 2
1540153533 31 2
1540169325 32 2
1540230615 33 2
1540230719 34 2
1540236654 35 2
1540254761 36 2
1540258754 37 2
1540260328 38 2
1540331347 39 2
1540349062 40 2
1540398315 41 2
1540573460 42 2
1540665920 43 2
1540665945 44 2
1540747733 45 2
1540834083 46 2
1541002412 47 2
1541005359 48 2
1541086364 49 2
1541086385 50 2
1541109052 51 2
1542315690 52 2
