1538062169 687
1538067750 1219
1538679978 1412
1538681563 1405
1538833188 1784
1538856117 2209
1538856316 2208
1538930537 2230
1539021441 2608
1539109771 3044
1539194351 3281
1539202806 3261
1539203569 3276
1539203706 3277
1539203750 2538
1539360338 2634
1539364930 2666
1539435602 2761
1539435618 2813
1539521260 2914
1539528994 3124
1539535995 3148
1539699070 3188
1539704272 3234
1539705026 3242
1539715673 3499
1539787196 3485
1539790235 3497
1539793567 3406
1539886443 3512
1539886516 3512
1540153533 3538
1540169325 5003
1540230615 5132
1540230719 5108
1540236654 5111
1540254761 5120
1540258754 5133
1540260328 5171
1540331347 5259
1540349062 5658
1540398315 5689
1540573460 6191
1540665920 6257
1540665945 6253
1540747733 6660
1540834083 6752
1541002412 7081
1541005359 7078
1541086364 7191
1541086385 7191
1541109052 7197
1542315690 7197
