1538062169 0 687
1538067750 532 687
1538679978 838 687
1538681563 872 687
1538833188 1264 687
1538856117 1794 687
1538856316 1813 687
1538930537 1974 687
1539021441 2727 687
1539109771 3423 687
1539194351 3981 687
1539202806 4128 687
1539203569 4191 687
1539203706 4192 687
1539203750 4192 687
1539360338 4461 687
1539364930 4499 687
1539365390 4499 739
1539435602 4668 739
1539435618 4668 739
1539521260 4861 739
1539528994 5208 739
1539535995 6643 739
1539699070 6748 739
1539704272 6798 739
1539705026 6808 739
1539715673 7080 739
1539787196 7316 739
1539790235 7550 739
1539793567 8023 739
1539886443 8384 739
1539886516 8386 739
1540153533 8440 739
1540169325 9915 739
1540230615 12355 739
1540230719 12432 739
1540236654 12544 739
1540254761 12554 739
1540258754 12586 739
1540260328 12625 739
1540331347 12716 739
1540349062 13438 739
1540398315 13608 739
1540573460 14135 739
1540665920 14533 739
1540665945 14563 739
1540747733 15135 739
1540834083 15346 739
1541002412 15767 739
1541005359 16074 739
1541086364 16200 739
1541086385 16207 739
1541109052 16223 739
1542315690 16227 739
